; Calibration constants for file cal_calib_15deg_1p8_, 33059 events processed

pcal_neg_gain_cor = 70.14, 22.07, 24.42, 12.85, 15.98, 10.60, 23.26, 23.87, 14.98, 21.66, 18.62, 15.97, 16.33,-139.28,
pcal_pos_gain_cor =  0.00, 11.60, 17.60, 16.62, 14.74, 17.16, 14.86, 13.30, 21.50, 15.35, 25.13, 21.23, 21.27,  0.00,
pcal_arr_gain_cor =  0.00,  0.00,  0.00,  0.00,  0.00,  0.00,  0.00,  0.00,  0.00,  0.00,  0.00,  0.00,  0.00,  0.00,  0.00,  0.00,
                     0.00,  0.00, 64.54, 43.31, 72.48,  0.00,  0.00,  0.00,  0.00,  0.00,  0.00,  0.00,  0.00,  0.00,  0.00,  0.00,
                     0.00, 28.72, 32.91, 28.05, 52.27, 61.78, 43.84,  0.00,  0.00,  0.00,  0.00,  0.00,  0.00,  0.00,  0.00,  0.00,
                     0.00, 38.71, 31.30, 44.46, 31.28, 26.00, 75.62, 55.65,  0.00,  0.00,  0.00, 25.74,138.12,  0.00,  0.00,  0.00,
                     0.00, 26.02, 28.52, 25.90, 54.30, 48.14, 40.48, 30.54, 33.03, 50.13, 22.31,  0.00, 38.09, 74.65,  0.00,  0.00,
                     0.00, 35.34, 27.67, 63.11, 16.98, 39.77, 36.95, 44.44, 68.02, 34.79, 50.30, 50.58, 69.72, 11.95,  0.00,  0.00,
                     0.00, 30.84, 44.68, 40.64, 22.66, 45.61, 52.04, 40.34, 34.22, 33.55, 28.06, 22.36, 33.40, 30.83, 17.08,  0.00,
                    28.88, 11.28, 14.76, 10.97, 15.32, 10.57, 15.65, 18.86, 12.68, 16.79, 23.85, 19.47, 28.20, 15.94, 16.20,  0.00,
                     0.00, 34.04, 28.34, 30.11, 44.82, 39.96, 22.67, 42.89, 57.35, 76.13, 19.35, 56.72, 27.07, 23.65,  0.00,  0.00,
                     0.00, 45.50, 19.22, 41.64, 23.27, 52.70, 42.44, 55.39, 37.32, 41.28, 46.55, 38.23, 52.59, 31.55, 64.99,  0.00,
                     0.00, 38.64, 61.83, 37.51, 30.61, 40.27, 22.81, 38.71,  0.00,  0.00, 45.69,  0.00, 39.90, 24.99,  0.00,  0.00,
                     0.00,  0.00, 23.72, 38.39, 40.73, 52.81,  0.00,  0.00,  0.00,  0.00,  0.00,  0.00,  0.00,  0.00,  0.00,  0.00,
                     0.00,  0.00,  0.00,  0.00,  0.00,  0.00,  0.00,  0.00,  0.00,  0.00,  0.00,  0.00,  0.00,  0.00,  0.00,  0.00,
                     0.00,  0.00,  0.00,  0.00,  0.00,  0.00,  0.00,  0.00,  0.00,  0.00,  0.00,  0.00,  0.00,  0.00,  0.00,  0.00,
